R0 <- 0
R2 <- 9
R3 <- R1 - R2
IF R3=0 GOTO 11
R3 <- RR1
R3 <- R3 - R0 
IF R3=0 GOTO 8
R0 <- RR1
R2 <- 1
R1 <- R1 - R2
GOTO 1
STOP